RT 1.0
#SIZE
200 200
#BACKGROUND
30. 30. 30.
#SURFACE
0 25.   25.   0.   255.  255.  0.   225.   225.  225.  65.  0.9  0. 1.
0 0.    0.    0.   0.    0.    0.   255.   255.  255.  45.  0.9  0. 1.
0 20.   20.   40.  50.   50.   80.  70.    70.   90.   0.   0.   0. 1.
../../resources/parafuso.jpg 80. 80. 80.  220. 220. 220.  200. 200. 200.  15. 1. 0. 0.
#LIGHT
0.  200. 150. 200 200 200
#CYLINDER
3  40.0  80  0.0  0.0  0.0
#BOX
2 -200. -46. -60. 200. -44. 60.
#FILM
35. 35.
#POSITION
0. 100. 150. 0. 0. 0. 0. 1. 0.
#GRID
2 2
#LENS
25. 5.6
